data = [0.008179];
data_grad = [0.008179];
