data = [0.00818];
