data = [0, 0, 0, 0, 0, 0, 0, 0, 0, 0, 0, 0, 0, 0, 0, 0, 0, 0, 0, 0, 0, 0, 0, 0, 0, 0, 0, 0, 0, 0, 0, 0, 0, 0, 0, 0, 0, 0, 0, 0, 0, 0, 0, 0, 0, 0, 0, 0, 0, 0, 0, 0, 0, 0, 0, 0, 0, 0, 0, 0, 0, 0, 0, 0, 0, 0, 0, 0, 0, 0, 0, 0, 0, 0, 0, 0, 0, 0, 0, 0, 0, 0, 0, 0, 0, 0, 0, 0, 0, 0, 0, 0, 0, 0, 0, 0, 0, 0, 0, 0;
	0, 0, 0, 0, 0, 0, 0, 0, 0, 0, 0, 0, 0, 0, 0, 0, 0, 0, 0, 0, 0, 0, 0, 0, 0, 0, 0, 0, 0, 0, 0, 0, 0, 0, 0, 0, 0, 0, 0, 0, 0, 0, 0, 0, 0, 0, 0, 0, 0, 0, 0, 0, 0, 0, 0, 0, 0, 0, 0, 0, 0, 0, 0, 0, 0, 0, 0, 0, 0, 0, 0, 0, 0, 0, 0, 0, 0, 0, 0, 0, 0, 0, 0, 0, 0, 0, 0, 0, 0, 0, 0, 0, 0, 0, 0, 0, 0, 0, 0, 0;
	0, 0, 0, 0, 0, 0, 0, 0, 0, 0, 0, 0, 0, 0, 0, 0, 0, 0, 0, 0, 0, 0, 0, 0, 0, 0, 0, 0, 0, 0, 0, 0, 0, 0, 0, 0, 0, 0, 0, 0, 0, 0, 0, 0, 0, 0, 0, 0, 0, 0, 0, 0, 0, 0, 0, 0, 0, 0, 0, 0, 0, 0, 0, 0, 0, 0, 0, 0, 0, 0, 0, 0, 0, 0, 0, 0, 0, 0, 0, 0, 0, 0, 0, 0, 0, 0, 0, 0, 0, 0, 0, 0, 0, 0, 0, 0, 0, 0, 0, 0;
	0, 0, 0, 0, 0, 0, 0, 0, 0, 0, 0, 0, 0, 0, 0, 0, 0, 0, 0, 0, 0, 0, 0, 0, 0, 0, 0, 0, 0, 0, 0, 0, 0, 0, 0, 0, 0, 0, 0, 0, 0, 0, 0, 0, 0, 0, 0, 0, 0, 0, 0, 0, 0, 0, 0, 0, 0, 0, 0, 0, 0, 0, 0, 0, 0, 0, 0, 0, 0, 0, 0, 0, 0, 0, 0, 0, 0, 0, 0, 0, 0, 0, 0, 0, 0, 0, 0, 0, 0, 0, 0, 0, 0, 0, 0, 0, 0, 0, 0, 0;
	0, 0, 0, 0, 0, 0, 0, 0, 0, 0, 0, 0, 0, 0, 0, 0, 0, 0, 0, 0, 0, 0, 0, 0, 0, 0, 0, 0, 0, 0, 0, 0, 0, 0, 0, 0, 0, 0, 0, 0, 0, 0, 0, 0, 0, 0, 0, 0, 0, 0, 0, 0, 0, 0, 0, 0, 0, 0, 0, 0, 0, 0, 0, 0, 0, 0, 0, 0, 0, 0, 0, 0, 0, 0, 0, 0, 0, 0, 0, 0, 0, 0, 0, 0, 0, 0, 0, 0, 0, 0, 0, 0, 0, 0, 0, 0, 0, 0, 0, 0;
	0, 0, 0, 0, 0, 0, 0, 0, 0, 0, 0, 0, 0, 0, 0, 0, 0, 0, 0, 0, 0, 0, 0, 0, 0, 0, 0, 0, 0, 0, 0, 0, 0, 0, 0, 0, 0, 0, 0, 0, 0, 0, 0, 0, 0, 0, 0, 0, 0, 0, 0, 0, 0, 0, 0, 0, 0, 0, 0, 0, 0, 0, 0, 0, 0, 0, 0, 0, 0, 0, 0, 0, 0, 0, 0, 0, 0, 0, 0, 0, 0, 0, 0, 0, 0, 0, 0, 0, 0, 0, 0, 0, 0, 0, 0, 0, 0, 0, 0, 0;
	0, 0, 0, 0, 0, 0, 0, 8.742e-06, 8.739e-06, 5.623e-05, 0, 0, 0, 0, 2.572e-05, 0, 8.673e-06, 0, 8.658e-06, 0, 8.646e-06, 1.729e-05, 0, 0, 8.622e-06, 1.293e-05, 0, 0, 8.603e-06, 2.07e-05, 8.597e-06, 8.592e-06, 3.538e-05, 8.581e-06, 0, 1.763e-05, 8.574e-06, 2.571e-05, 2.72e-05, 6.852e-05, 1.713e-05, 1.712e-05, 0, 8.556e-06, 8.696e-05, 1.711e-05, 0, 8.554e-06, 2.138e-05, 8.553e-06, 2.566e-05, 0, 0, 8.552e-06, 0, 0, 8.558e-06, 0, 0, 0, 0, 2.569e-05, 2.162e-05, 1.715e-05, 8.577e-06, 2.574e-05, 2.575e-05, 1.717e-05, 1.718e-05, 6.575e-05, 0, 0, 0, 0, 0, 0, 1.726e-05, 0, 2.562e-05, 8.645e-06, 8.654e-06, 3.428e-05, 0, 0, 8.683e-06, 8.69e-06, 8.692e-06, 2.187e-05, 8.713e-06, 4.36e-06, 1.746e-05, 2.092e-05, 8.747e-06, 0, 0, 0, 0, 0, 0, 0;
	0, 0, 0, 0, 0, 0, 1.749e-05, 0.1078, 0.1751, 0.223, 0.2837, 0.2617, 0.2883, 0.2374, 0.2901, 0.3319, 0.2624, 0.2528, 0.4354, 0.3456, 0.3349, 0.2724, 0.3769, 0.2577, 0.2625, 0.2536, 0.3035, 0.2971, 0.3288, 0.4584, 0.2749, 0.3379, 0.3089, 0.3529, 0.3689, 0.2927, 0.3476, 0.344, 0.3078, 0.2849, 0.3339, 0.3251, 0.2879, 0.2775, 0.3648, 0.2565, 0.28, 0.2863, 0.3102, 0.3452, 0.3359, 0.3752, 0.2647, 0.3514, 0.3485, 0.3084, 0.2529, 0.3511, 0.2933, 0.3843, 0.2627, 0.3112, 0.35, 0.31, 0.377, 0.2866, 0.2653, 0.2831, 0.2837, 0.3503, 0.3384, 0.328, 0.289, 0.2755, 0.3046, 0.2769, 0.3401, 0.276, 0.3395, 0.331, 0.3959, 0.3799, 0.3907, 0.3519, 0.3088, 0.2786, 0.4127, 0.3071, 0.3052, 0.2606, 0.2766, 0.1996, 0.1504, 1.749e-05, 0, 0, 0, 0, 0, 0;
	0, 0, 0, 0, 0, 0, 1.747e-05, 0.1863, 0.4632, 0.5134, 0.4886, 0.431, 0.5115, 0.5654, 0.5174, 0.4878, 0.6288, 0.6282, 0.6262, 0.674, 0.543, 0.545, 0.5496, 0.5675, 0.6407, 0.4782, 0.5534, 0.5061, 0.7097, 0.5303, 0.5146, 0.4961, 0.6732, 0.5975, 0.4795, 0.5481, 0.6236, 0.5292, 0.5821, 0.6996, 0.6604, 0.5538, 0.6402, 0.595, 0.6334, 0.6691, 0.575, 0.6189, 0.6039, 0.6261, 0.6175, 0.6129, 0.5931, 0.7126, 0.5822, 0.527, 0.6172, 0.512, 0.4847, 0.5506, 0.4378, 0.6274, 0.6121, 0.5507, 0.6471, 0.6224, 0.5518, 0.6627, 0.6073, 0.4831, 0.6567, 0.5236, 0.6129, 0.6297, 0.5505, 0.6579, 0.5857, 0.5615, 0.5732, 0.4832, 0.4965, 0.5383, 0.6149, 0.5144, 0.7088, 0.5252, 0.5559, 0.4884, 0.6652, 0.4994, 0.4059, 0.4111, 0.2797, 0, 0, 0, 0, 0, 0, 0;
	0, 0, 0, 0, 0, 0, 0, 0.3847, 0.4791, 0.597, 0.5708, 0.7546, 0.5689, 0.7365, 0.638, 0.9734, 0.7149, 0.7856, 0.7068, 0.6703, 0.5833, 0.6818, 0.8676, 0.677, 0.6299, 0.7811, 0.7669, 0.7061, 0.7505, 0.7769, 0.6924, 0.7522, 0.6674, 0.755, 0.7768, 0.7327, 0.8193, 0.8349, 0.8008, 0.7583, 0.7303, 0.7424, 0.6584, 0.7652, 0.7706, 0.8363, 0.7946, 0.7561, 0.6637, 0.735, 0.731, 0.8323, 0.7471, 0.7436, 0.7702, 0.6769, 0.6624, 0.8004, 0.9351, 0.6544, 0.6465, 0.7649, 0.6476, 0.6514, 0.7707, 0.612, 0.7265, 0.7288, 0.7518, 0.6871, 0.762, 0.832, 0.7573, 0.7509, 0.8321, 0.7396, 0.7108, 0.9398, 0.8056, 0.7416, 0.6917, 0.934, 0.7379, 0.6286, 0.6807, 0.7367, 0.7285, 0.5554, 0.7233, 0.5822, 0.4614, 0.4782, 0.2794, 0, 0, 0, 0, 0, 0, 0;
	0, 0, 0, 0, 0, 0, 0, 0.3035, 0.5114, 0.6971, 0.7603, 0.5679, 0.798, 0.9622, 0.8736, 1.023, 0.7759, 1.492, 0.8125, 0.7302, 0.8609, 0.865, 0.9022, 0.7853, 0.7376, 0.7756, 0.9723, 0.902, 0.8103, 0.736, 0.8534, 0.8729, 0.8367, 0.9239, 0.719, 0.7383, 0.7705, 0.7751, 0.8093, 0.8767, 0.7588, 0.943, 0.8539, 0.8435, 0.9654, 1.165, 0.8635, 0.8942, 0.9459, 0.9218, 0.9396, 0.8287, 0.8378, 0.7933, 0.9332, 0.7215, 0.9519, 0.8212, 0.8294, 0.8506, 0.8892, 0.8244, 0.9823, 0.8393, 0.8883, 0.7601, 0.8586, 0.8032, 0.6839, 0.8411, 1.35, 0.842, 0.9524, 0.8868, 0.8829, 0.8758, 0.8559, 0.7233, 0.7342, 0.8321, 0.9302, 1.068, 0.9548, 0.7572, 0.7414, 0.7914, 1.005, 0.8071, 0.7678, 0.6911, 0.5868, 0.4197, 0.2401, 0, 0, 0, 0, 0, 0, 0;
	0, 0, 0, 0, 0, 0, 0, 0.3353, 0.5038, 0.7096, 0.704, 0.7249, 0.9006, 0.819, 0.749, 1.027, 0.9137, 1.003, 0.9173, 0.872, 0.9176, 0.9347, 0.8576, 0.9545, 1.001, 1.086, 0.9514, 0.9327, 0.7678, 0.9174, 0.8723, 0.8271, 0.942, 0.8879, 0.8861, 0.9581, 0.8693, 0.8202, 0.8361, 0.822, 0.9829, 0.8637, 0.9084, 0.9041, 0.8375, 0.9717, 0.864, 0.8872, 0.9573, 0.7216, 0.7024, 0.7483, 0.7366, 0.9572, 0.9757, 0.8021, 0.9613, 0.9451, 0.7663, 0.8931, 0.9271, 1.03, 0.8408, 0.917, 0.9691, 0.9091, 0.8825, 1.039, 0.8838, 0.8922, 0.837, 0.9653, 0.8562, 0.8395, 1.03, 0.9425, 0.9836, 0.7484, 0.7159, 0.8319, 0.9521, 1.043, 1.066, 0.6696, 0.8514, 0.9152, 0.9082, 0.7139, 0.7817, 0.7036, 0.6365, 0.4874, 0.3243, 0, 0, 0, 0, 0, 0, 0;
	0, 0, 0, 0, 0, 0, 0, 0.2885, 0.7217, 0.6389, 0.7362, 0.8904, 0.8, 0.999, 0.9073, 1.112, 0.8908, 0.9114, 1.015, 0.9054, 1.128, 1.017, 0.8975, 0.8908, 0.9798, 0.9098, 1.048, 1.023, 0.9746, 0.958, 0.8277, 1.005, 0.7148, 1.016, 0.9578, 1.007, 1.138, 0.9778, 0.9315, 0.9216, 0.8559, 0.9563, 1.002, 0.9102, 0.9247, 0.9334, 0.8985, 1.056, 0.9782, 1.062, 1.037, 0.9732, 1.154, 0.8354, 0.859, 0.9494, 1.148, 0.8955, 1.036, 0.9452, 1.068, 0.8913, 1.06, 0.9333, 0.9595, 1.061, 0.9492, 0.915, 0.7795, 0.8816, 0.8616, 0.884, 1.474, 0.9179, 1.087, 0.9896, 0.8475, 0.926, 0.8055, 0.8278, 0.852, 0.9953, 1.039, 0.9226, 0.9084, 0.7836, 0.8826, 0.9511, 0.7657, 0.8132, 0.6979, 0.5127, 0.3322, 1.714e-05, 0, 0, 0, 0, 0, 0;
	0, 0, 0, 0, 0, 0, 0, 0.2673, 0.5561, 0.688, 0.6191, 0.8888, 0.7616, 0.8603, 1.052, 0.9441, 0.922, 1.007, 0.941, 0.9459, 0.8056, 1.022, 1.125, 0.9944, 0.91, 0.9211, 1.018, 0.946, 1.019, 0.9404, 0.8749, 0.9502, 0.8995, 0.9377, 0.8072, 1.117, 0.9337, 1.14, 1.018, 0.9001, 1.091, 1.024, 1.042, 1.043, 1.088, 0.72, 0.9175, 0.8786, 0.7011, 0.9856, 0.9308, 0.8055, 0.7631, 1.143, 0.9003, 0.853, 1.035, 0.9542, 1.005, 1.104, 0.9603, 1.02, 0.8213, 0.9737, 1.315, 0.8602, 1.06, 1.074, 0.9593, 0.8574, 1.179, 1.211, 1.019, 1.68, 1.004, 1.094, 0.955, 0.8649, 0.9591, 0.9951, 0.9649, 1.032, 0.8504, 0.9432, 0.9719, 0.9414, 0.9636, 0.8587, 0.8115, 0.8013, 0.7408, 0.4985, 0.2278, 1.739e-05, 0, 0, 0, 0, 0, 0;
